-0.14210673189021214
-0.14558008417059046
-0.14401954056551408
-0.14226833357202312
-0.13879462789696997
-0.13769348628776207
-0.13873641788142899
-0.1378497070224312
-0.13227857523346248
-0.12928267560693296
-0.12348829606498123
-0.12222307912626852
-0.12338963822760665
-0.11089738756281203
-0.08610386742475702
-0.058210913313974905
-0.02553921689468096
0.01897490166210877
0.07291172275823951
0.12000990701337533
0.16133115370795223
0.23502335332666918
0.3564331579821161
0.4690562541325148
0.534106292075568
0.5951933942218596
0.738544123181529
0.9875121210263056
1.3022522603721363
1.5629627906958736
1.6427300161068557
1.506083563031812
1.2137703214982771
0.8677318498377253
0.5500585832730688
0.27796586014339425
0.059936119433348485
-0.09057727505441247
-0.15837120545430228
-0.16950501437705223
-0.15264407817864648
-0.11998003008354097
-0.08847030014899618
-0.07293638300140268
-0.06199977505762824
-0.05974187585559891
-0.05630858751542851
-0.05684745112917319
-0.05800812346966992
-0.06024449736597083
-0.060845988291427504
-0.06136357903683468
-0.059411279836516194
-0.059797394128568084
-0.05767022460201504
-0.05955008271032698
-0.05581131222488617
-0.05396538171343788
-0.05029789524781208
-0.048252796153916776
-0.045618731074334104
-0.05027024962562069
-0.05312765848272448
-0.049744690578584445
