-0.09074780939337117
-0.09267096240270771
-0.08884936787609489
-0.08751926532682085
-0.08581933651205202
-0.08744840150329658
-0.08958534220168313
-0.08972864299102874
-0.0843727433327774
-0.08032602306859324
-0.07903635769779047
-0.07800645178102988
-0.08216897886806734
-0.07439850701583703
-0.060187254947284406
-0.04077252672336877
-0.021118408566919798
0.004437932044392849
0.03400678305396993
0.06738597156569359
0.09492602679773153
0.14191316723484784
0.21344042252685028
0.2776580185748797
0.31518699574062087
0.35065862929309644
0.4395196873297463
0.5909788730664615
0.7789329067684685
0.9329134298259953
0.9750361009012505
0.889552026487877
0.710410972108052
0.502162034302127
0.31333293698850545
0.1497202541789449
0.020201341510634553
-0.06739579284546125
-0.10586339157708705
-0.10693735102729819
-0.09727929522588112
-0.07528505453354348
-0.05602300923591083
-0.047995128566886945
-0.04124626767454791
-0.03949718585314219
-0.03766222069917607
-0.0396504397413653
-0.042619629768102726
-0.043527524149177814
-0.04164759477536818
-0.04070688491307699
-0.04023026597562565
-0.04163417324695271
-0.03984629232321852
-0.03925163568241355
-0.03518353816344814
-0.0339360630329007
-0.03316544644968623
-0.03315734605340806
-0.029751510747327865
-0.03462102382720263
-0.03664791485304479
-0.033033199029041206
